

2112 อออออออออออออออออออออออออออออออออออออออออออออออออออออออออออออออออออออออออออ+
2112 ณ2112 2112 2112 2112 2112 2112 2112 2112 2112 2112 2112 2112 2112 2112 2112T2112h2112a2112n2112k2112s2112 2112f2112o2112r2112 2112v2112i2112s2112i2112t2112i2112n2112g2112 2112S2112p2112y2112 2112V2112i2112s2112i2112t2112s2112 2112S2112p2112y2112 2112B2112B2112S2112 2112 2112 2112 2112 2112 2112 2112 2112 2112 2112 2112 2112 2112 2112 2112 2112 2112 2112 2112 2112 2112 2112 ณ
2112 ณ2112 2112 2112 2112 2112 2112 2112 2112 2112 2112 2112 2112 2112 2112 2112 2112 2112 2112 2112 2112 2112 2112 2112 2112 2112 2112 2112 2112 2112 2112 2112 2112 2112 2112 2112 2112 2112 2112 2112 2112 2112 2112 2112 2112 2112 2112 2112 2112 2112 2112 2112 2112 2112 2112 2112 2112 2112 2112 2112 2112 2112 2112 2112 2112 2112 2112 2112 2112 2112 2112 2112 2112 2112 2112 2112 ณ
2112 ตอออออออออออออออออออออออออออออออออออออออออออออออออออออออออออออออออออออออออออต
2112 ณ2112 2112 2112 2112 2112 2112 2112 2112 2112 2112 2112 2112 2112 2112 2112 2112 2112 2112 2112 2112 2112 2112 2112 2112 2112 2112 2112 2112 2112 2112 2112 2112 2112 2112 2112 2112 2112 2112 2112 2112 2112 2112 2112 2112 2112 2112 2112 2112 2112 2112 2112 2112 2112 2112 2112 2112 2112 2112 2112 2112 2112 2112 2112 2112 2112 2112 2112 2112 2112 2112 2112 2112 2112 2112 2112 ณ
2112 ณ2112 2112 2112 2112I2112t2112 2112h2112a2112s2112 2112b2112e2112e2112n2112 2112a2112 2112g2112o2112o2112d2112 2112t2112i2112m2112e2112 2112s2112e2112e2112i2112n2112g2112 2112y2112o2112u2112 2112h2112e2112r2112e2112 2112a2112g2112a2112i2112n2112 2112,2112 2112d2112o2112n2112t2112 2112f2112o2112r2112g2112e2112t2112 2112t2112o2112 2112v2112i2112s2112i2112t2112 2112 2112 2112 ณ
2112 ณ2112 2112 2112 2112o2112t2112h2112e2112r2112 2112B2112B2112S2112s2112 2112,2112 2112 2112a2112n2112d2112 2112s2112p2112y2112 2112o2112n2112 2112t2112h2112e2112m2112 2112t2112o2112o2112.2112.2112.2112.2112.2112 2112i2112n2112 2112a2112 2112g2112o2112o2112d2112 2112i2112n2112t2112e2112n2112t2112i2112o2112n2112a2112l2112 2112w2112a2112y2112.2112 2112 2112 2112 2112 2112 2112 ณ
2112 ณ2112 2112 2112 2112 2112 2112 2112 2112 2112 2112 2112 2112 2112 2112 2112 2112 2112 2112 2112 2112 2112 2112 2112 2112 2112 2112 2112 2112 2112 2112 2112 2112 2112 2112 2112 2112 2112 2112 2112 2112 2112 2112 2112 2112 2112 2112 2112 2112 2112 2112 2112 2112 2112 2112 2112 2112 2112 2112 2112 2112 2112 2112 2112 2112 2112 2112 2112 2112 2112 2112 2112 2112 2112 2112 2112 ณ
2112 ิอออออออออออออออออออออออออออออออออออออออออออออออออออออออออออออออออออออออออออพ


@07@@07@
